function iBBt = EuleriBBt(in1)
%EULERIBBT
%    IBBT = EULERIBBT(IN1)

%    This function was generated by the Symbolic Math Toolbox version 6.0.
%    01-May-2015 15:48:38

l2 = in1(:,2);
l3 = in1(:,3);
l4 = in1(:,4);
l5 = in1(:,5);
t2 = l3.^2;
t3 = l4.^2;
t4 = l5.^2;
t5 = t3.^2;
t6 = t4.^2;
t7 = t2.^2;
t8 = l2.^2;
t9 = t8.^2;
t10 = t2.*3.224e3;
t11 = t9.*1.552e3;
t12 = t3.*2.821e3;
t13 = t7.*5.224e3;
t14 = t4.*2.561e3;
t15 = t5.*3.711e3;
t16 = t6.*3.258e3;
t17 = t3.*t5.*1.251e3;
t18 = t4.*t6.*1.56e3;
t19 = t2.*t8.*1.552e3;
t20 = t3.*t8.*1.968e3;
t21 = t2.*t3.*5.014e3;
t22 = t5.*t8.*9.84e2;
t23 = t2.*t4.*6.125e3;
t24 = t3.*t9.*1.94e3;
t25 = t2.*t5.*4.203e3;
t26 = t4.*t9.*3.078e3;
t27 = t3.*t4.*5.181e3;
t28 = t3.*t7.*6.53e3;
t29 = t2.*t6.*2.634e3;
t30 = t5.*t9.*1.386e3;
t31 = t4.*t7.*1.0695e4;
t32 = t2.*t3.*t5.*1.251e3;
t33 = t6.*t9.*1.428e3;
t34 = t3.*t6.*4.281e3;
t35 = t5.*t7.*5.913e3;
t36 = t4.*t5.*5.82e2;
t37 = t2.*t4.*t6.*1.56e3;
t38 = t3.*t5.*t9.*4.02e2;
t39 = t6.*t7.*5.244e3;
t40 = t4.*t6.*t9.*6.24e2;
t41 = t3.*t5.*t7.*1.977e3;
t42 = t4.*t6.*t7.*2.496e3;
t43 = t2.*t3.*t8.*1.94e3;
t44 = t2.*t4.*t8.*3.078e3;
t45 = t2.*t5.*t8.*1.386e3;
t46 = t3.*t4.*t8.*1.692e3;
t47 = t2.*t6.*t8.*1.428e3;
t48 = t2.*t3.*t4.*6.027e3;
t49 = t2.*t3.*t5.*t8.*4.02e2;
t50 = t3.*t4.*t9.*2.814e3;
t51 = t2.*t4.*t6.*t8.*6.24e2;
t52 = t2.*t3.*t6.*4.281e3;
t53 = t2.*t4.*t5.*5.82e2;
t54 = t3.*t4.*t7.*8.475e3;
t55 = t3.*t6.*t9.*2.274e3;
t56 = t4.*t5.*t9.*1.8e2;
t57 = t3.*t6.*t7.*6.99e3;
t58 = t4.*t5.*t7.*9.18e2;
t59 = t2.*t3.*t4.*t8.*2.814e3;
t60 = t2.*t3.*t6.*t8.*2.274e3;
t61 = t2.*t4.*t5.*t8.*1.8e2;
t64 = t4.*t8.*9.84e2;
t65 = t6.*t8.*1.248e3;
t62 = t10+t11+t12+t13+t14+t15+t16+t17+t18+t19+t20+t21+t22+t23+t24+t25+t26+t27+t28+t29+t30+t31+t32+t33+t34+t35+t36+t37+t38+t39+t40+t41+t42+t43+t44+t45+t46+t47+t48+t49+t50+t51+t52+t53+t54+t55+t56+t57+t58+t59+t60+t61-t64-t65+8.06e2;
t63 = 1.0./t62;
t66 = t6.*3.12e2;
t67 = t3.*t5.*4.02e2;
t68 = t6.*t8.*6.24e2;
t69 = t2.*t6.*6.24e2;
t70 = t2.*t3.*t5.*4.02e2;
t71 = t4.*t5.*9.0e1;
t72 = t6.*t7.*4.68e2;
t73 = t3.*t5.*t7.*6.03e2;
t74 = t2.*t4.*t5.*9.0e1;
t75 = t2.*1.6e1;
t76 = t3.*1.4e1;
t77 = t7.*2.4e1;
t78 = t4.*6.0;
t79 = t4.*t8.*1.2e1;
t80 = t2.*t3.*8.0;
t81 = t2.*t4.*1.2e1;
t82 = t3.*t4.*3.0e1;
t83 = t3.*t7.*3.0e1;
t84 = t4.*t7.*9.0;
t85 = t4.*t5.*2.4e1;
t86 = t3.*t4.*t8.*2.4e1;
t87 = t2.*t3.*t4.*4.2e1;
t88 = t2.*t4.*t5.*2.4e1;
t89 = t3.*t4.*t7.*4.5e1;
t90 = t4.*t5.*t7.*3.6e1;
t92 = t5.*6.0;
t93 = t3.*t5.*6.0;
t94 = t3.*t8.*2.4e1;
t95 = t5.*t8.*1.2e1;
t96 = t2.*t5.*1.2e1;
t97 = t2.*t3.*t5.*6.0;
t98 = t3.*t6.*6.0;
t99 = t5.*t7.*9.0;
t100 = t3.*t5.*t7.*9.0;
t101 = t2.*t3.*t6.*6.0;
t102 = t3.*t6.*t7.*9.0;
t91 = t75+t76+t77+t78+t79+t80+t81+t82+t83+t84+t85+t86+t87+t88+t89+t90-t92-t93-t94-t95-t96-t97-t98-t99-t100-t101-t102+4.0;
t103 = l3.*t8.*1.552e3;
t104 = l3.*t3.*9.84e2;
t105 = l3.*t5.*4.92e2;
t106 = l3.*t2.*7.76e2;
t107 = l3.*t2.*t3.*9.7e2;
t108 = l3.*t2.*t4.*1.539e3;
t109 = l3.*t2.*t5.*6.93e2;
t110 = l3.*t2.*t6.*7.14e2;
t111 = l3.*t2.*t3.*t5.*2.01e2;
t112 = l3.*t2.*t4.*t6.*3.12e2;
t113 = l3.*t3.*t8.*1.94e3;
t114 = l3.*t4.*t8.*3.078e3;
t115 = l3.*t5.*t8.*1.386e3;
t116 = l3.*t3.*t4.*8.46e2;
t117 = l3.*t6.*t8.*1.428e3;
t118 = l3.*t3.*t5.*t8.*4.02e2;
t119 = l3.*t4.*t6.*t8.*6.24e2;
t120 = l3.*t2.*t3.*t4.*1.407e3;
t121 = l3.*t2.*t3.*t6.*1.137e3;
t122 = l3.*t2.*t4.*t5.*9.0e1;
t123 = l3.*t3.*t4.*t8.*2.814e3;
t124 = l3.*t3.*t6.*t8.*2.274e3;
t125 = l3.*t4.*t5.*t8.*1.8e2;
t126 = t103+t104+t105+t106+t107+t108+t109+t110+t111+t112+t113+t114+t115+t116+t117+t118+t119+t120+t121+t122+t123+t124+t125-l3.*t4.*4.92e2-l3.*t6.*6.24e2;
t127 = t2.*t3.*9.84e2;
t128 = t2.*t5.*4.92e2;
t129 = t2.*t3.*t4.*8.46e2;
t130 = l3.*t2.*t6.*1.56e2;
t131 = l3.*t6.*t8.*3.12e2;
t132 = l3.*t4.*t5.*t8.*9.0e1;
t133 = l3.*t8.*1.6e1;
t134 = l3.*t3.*6.0e1;
t135 = l3.*t5.*3.0e1;
t136 = l3.*t2.*8.0;
t137 = l3.*t2.*t3.*1.0e1;
t138 = l3.*t2.*t4.*3.0;
t139 = l3.*t3.*t8.*2.0e1;
t140 = l3.*t4.*t8.*6.0;
t141 = l3.*t2.*t3.*t4.*1.5e1;
t142 = l3.*t2.*t4.*t5.*1.2e1;
t143 = l3.*t3.*t4.*t8.*3.0e1;
t144 = l3.*t4.*t5.*t8.*2.4e1;
t146 = l3.*t4.*3.0e1;
t147 = l3.*t2.*t5.*3.0;
t148 = l3.*t2.*t3.*t5.*3.0;
t149 = l3.*t5.*t8.*6.0;
t150 = l3.*t3.*t4.*5.4e1;
t151 = l3.*t3.*t5.*t8.*6.0;
t152 = l3.*t2.*t3.*t6.*3.0;
t153 = l3.*t3.*t6.*t8.*6.0;
t145 = t133+t134+t135+t136+t137+t138+t139+t140+t141+t142+t143+t144-t146-t147-t148-t149-t150-t151-t152-t153;
t154 = t63.*t145;
t155 = t2.*7.76e2;
t156 = t3.*6.79e2;
t157 = t7.*1.552e3;
t158 = t4.*6.03e2;
t159 = t5.*6.93e2;
t160 = t6.*7.14e2;
t161 = t3.*t5.*2.01e2;
t162 = t4.*t6.*3.12e2;
t163 = t2.*t8.*7.76e2;
t164 = t2.*t3.*1.462e3;
t165 = t2.*t4.*1.293e3;
t166 = t2.*t5.*9.39e2;
t167 = t3.*t4.*1.407e3;
t168 = t3.*t7.*1.94e3;
t169 = t2.*t6.*4.02e2;
t170 = t4.*t7.*3.078e3;
t171 = t2.*t3.*t5.*2.01e2;
t172 = t3.*t6.*1.137e3;
t173 = t5.*t7.*1.386e3;
t174 = t2.*t4.*t6.*3.12e2;
t175 = t6.*t7.*1.428e3;
t176 = t3.*t5.*t7.*4.02e2;
t177 = t4.*t6.*t7.*6.24e2;
t178 = t2.*t3.*t8.*9.7e2;
t179 = t2.*t4.*t8.*1.539e3;
t180 = t2.*t5.*t8.*6.93e2;
t181 = t2.*t6.*t8.*7.14e2;
t182 = t2.*t3.*t4.*1.83e3;
t183 = t2.*t3.*t5.*t8.*2.01e2;
t184 = t2.*t4.*t6.*t8.*3.12e2;
t185 = t2.*t3.*t6.*1.137e3;
t186 = t3.*t4.*t7.*2.814e3;
t187 = t3.*t6.*t7.*2.274e3;
t188 = t4.*t5.*t7.*1.8e2;
t189 = t2.*t3.*t4.*t8.*1.407e3;
t190 = t2.*t3.*t6.*t8.*1.137e3;
t191 = t2.*t4.*t5.*t8.*9.0e1;
t192 = t71+t74+t155+t156+t157+t158+t159+t160+t161+t162+t163+t164+t165+t166+t167+t168+t169+t170+t171+t172+t173+t174+t175+t176+t177+t178+t179+t180+t181+t182+t183+t184+t185+t186+t187+t188+t189+t190+t191+1.94e2;
t193 = t63.*t192;
t194 = l3.*t8.*7.76e2;
t195 = l3.*t3.*4.92e2;
t196 = l3.*t5.*2.46e2;
t197 = l3.*t3.*t8.*9.7e2;
t198 = l3.*t4.*t8.*1.539e3;
t199 = l3.*t5.*t8.*6.93e2;
t200 = l3.*t3.*t4.*4.23e2;
t201 = l3.*t6.*t8.*7.14e2;
t202 = l3.*t3.*t5.*t8.*2.01e2;
t203 = l3.*t4.*t6.*t8.*3.12e2;
t204 = l3.*t3.*t4.*t8.*1.407e3;
t205 = l3.*t3.*t6.*t8.*1.137e3;
t206 = t132+t194+t195+t196+t197+t198+t199+t200+t201+t202+t203+t204+t205-l3.*t2.*1.224e3-l3.*t4.*2.46e2-l3.*t6.*3.12e2-l3.*t2.*t3.*1.53e3-l3.*t2.*t4.*2.539e3-l3.*t2.*t5.*1.509e3-l3.*t2.*t6.*1.272e3-l3.*t2.*t3.*t4.*1.887e3-l3.*t2.*t3.*t5.*5.25e2-l3.*t2.*t3.*t6.*1.572e3-l3.*t2.*t4.*t5.*2.46e2-l3.*t2.*t4.*t6.*6.24e2;
t207 = t4.*t8.*4.92e2;
t208 = t6.*1.56e2;
t209 = t6.*t8.*3.12e2;
t210 = t6.*t7.*3.12e2;
t211 = t2.*t6.*t8.*1.56e2;
t212 = t4.*t5.*t7.*9.0e1;
t213 = t2.*8.0;
t214 = t3.*7.0;
t215 = t7.*1.6e1;
t216 = t4.*3.0;
t217 = t2.*t8.*8.0;
t218 = t4.*t8.*6.0;
t219 = t2.*t3.*3.4e1;
t220 = t2.*t5.*9.0;
t221 = t3.*t4.*1.5e1;
t222 = t3.*t7.*2.0e1;
t223 = t4.*t7.*6.0;
t224 = t4.*t5.*1.2e1;
t225 = t2.*t3.*t8.*1.0e1;
t226 = t2.*t4.*t8.*3.0;
t227 = t3.*t4.*t8.*1.2e1;
t228 = t2.*t4.*t5.*1.2e1;
t229 = t3.*t4.*t7.*3.0e1;
t230 = t4.*t5.*t7.*2.4e1;
t231 = t2.*t3.*t4.*t8.*1.5e1;
t232 = t2.*t4.*t5.*t8.*1.2e1;
t234 = t5.*3.0;
t235 = t3.*t5.*3.0;
t236 = t3.*t8.*1.2e1;
t237 = t5.*t8.*6.0;
t238 = t2.*t4.*9.0;
t239 = t2.*t3.*t5.*3.0;
t240 = t3.*t6.*3.0;
t241 = t5.*t7.*6.0;
t242 = t3.*t5.*t7.*6.0;
t243 = t2.*t5.*t8.*3.0;
t244 = t2.*t3.*t4.*6.0;
t245 = t2.*t3.*t5.*t8.*3.0;
t246 = t2.*t3.*t6.*3.0;
t247 = t3.*t6.*t7.*6.0;
t248 = t2.*t3.*t6.*t8.*3.0;
t233 = t213+t214+t215+t216+t217+t218+t219+t220+t221+t222+t223+t224+t225+t226+t227+t228+t229+t230+t231+t232-t234-t235-t236-t237-t238-t239-t240-t241-t242-t243-t244-t245-t246-t247-t248+2.0;
t249 = t7.*7.76e2;
t250 = t3.*t7.*9.7e2;
t251 = t4.*t7.*1.539e3;
t252 = t5.*t7.*6.93e2;
t253 = t6.*t7.*7.14e2;
t254 = t3.*t5.*t7.*2.01e2;
t255 = t4.*t6.*t7.*3.12e2;
t256 = t3.*t4.*t7.*1.407e3;
t257 = t3.*t6.*t7.*1.137e3;
t258 = l3.*t2.*3.224e3;
t259 = l3.*t2.*t3.*4.03e3;
t260 = l3.*t2.*t4.*6.617e3;
t261 = l3.*t2.*t5.*3.711e3;
t262 = l3.*t2.*t6.*3.258e3;
t263 = l3.*t2.*t3.*t5.*1.251e3;
t264 = l3.*t2.*t4.*t6.*1.56e3;
